36.8 dBi
HH 17
-180.00  -65.00
 -95.00  -65.00
 -75.00  -52.00
 -45.00  -43.00
 -35.00  -39.00
 -20.00  -39.00
 -15.00  -33.00
 -15.00  -33.00
 -10.00  -31.00
  -8.00  -26.00
  -5.00  -19.50
  -4.10  -15.00
  -2.80  -15.00
  -2.50  -14.00
  -2.10   -8.00
  -1.50   -4.30
  -1.00   -1.60
  -0.50   -0.30
   0.00    0.00
   0.50   -0.30
   1.00   -1.60
   1.50   -4.30
   2.10   -8.00
   2.50  -14.00
   2.80  -15.00
   4.10  -15.00
   5.00  -19.50
   8.00  -26.00
  10.00  -31.00
  15.00  -33.00
  15.00  -33.00
  20.00  -39.00
  35.00  -39.00
  45.00  -43.00
  75.00  -52.00
  95.00  -65.00
 180.00  -65.00
HV 16
-180.00  -69.00
 -80.00  -69.00
 -15.00  -52.00
 -10.00  -50.00
  -5.00  -42.00
  -3.00  -30.00
   0.00  -30.00
   3.00  -30.00
   5.00  -42.00
  10.00  -50.00
  15.00  -52.00
  80.00  -69.00
 180.00  -69.00
VV 12
-180.00  -65.00
 -90.00  -65.00
 -68.00  -48.00
 -60.00  -41.50
 -20.00  -40.00
 -15.00  -36.00
 -10.00  -31.00
  -5.80  -21.00
  -5.00  -19.50
  -4.50  -17.00
  -2.90  -17.00
  -2.50  -12.00
  -2.00   -7.50
  -1.50   -4.00
  -1.00   -1.62
  -0.50   -0.20
   0.00    0.00
   0.50   -0.20
   1.00   -1.62
   1.50   -4.00
   2.00   -7.50
   2.50  -12.00
   2.90  -17.00
   4.50  -17.00
   5.00  -19.50
   5.80  -21.00
  10.00  -31.00
  15.00  -36.00
  20.00  -40.00
  60.00  -41.50
  68.00  -48.00
  90.00  -65.00
 180.00  -65.00
VH 19
-180.00  -69.00
 -90.00  -69.00
 -75.00  -64.00
 -50.00  -56.00
 -40.00  -56.00
 -25.00  -52.00
 -11.00  -52.00
  -9.00  -44.00
  -6.00  -44.00
  -5.00  -42.00
  -3.00  -30.00
   0.00  -30.00
   3.00  -30.00
   5.00  -42.00
   6.00  -44.00
   9.00  -44.00
  11.00  -52.00
  25.00  -52.00
  40.00  -56.00
  50.00  -56.00
  75.00  -64.00
  90.00  -69.00
 180.00  -69.00
