35.3 dBi
HH 34
-180.0  -55.00 
-130.0  -55.00 
-120.0  -53.00 
-105.0  -52.00 
 -95.0  -50.00 
 -70.0  -33.00 
 -60.0  -31.00 
 -55.0  -31.00 
 -45.0  -29.00 
 -30.0  -25.00 
 -18.0  -24.00 
 -15.0  -21.00 
 -10.0  -20.00 
  -8.5  -17.00 
  -6.0  -17.00 
  -5.6  -12.00 
  -5.5  -11.50 
  -5.4  -11.10 
  -5.3  -10.70 
  -5.2  -10.30 
  -5.1   -9.90 
  -5.0   -9.50 
  -4.9   -9.10 
  -4.8   -8.80 
  -4.7   -8.40 
  -4.6   -8.10 
  -4.5   -7.70 
  -4.4   -7.40 
  -4.3   -7.00 
  -4.2   -6.70 
  -4.1   -6.40 
  -4.0   -6.10 
  -3.9   -5.80 
  -3.8   -5.50 
  -3.7   -5.20 
  -3.6   -4.90 
  -3.5   -4.70 
  -3.4   -4.40 
  -3.3   -4.10 
  -3.2   -3.90 
  -3.1   -3.70 
  -3.0   -3.40 
  -2.9   -3.20 
  -2.8   -3.00 
  -2.7   -2.80 
  -2.6   -2.60 
  -2.5   -2.40 
  -2.4   -2.20 
  -2.3   -2.00 
  -2.2   -1.80 
  -2.1   -1.70 
  -2.0   -1.50 
  -1.9   -1.40 
  -1.8   -1.20 
  -1.7   -1.10 
  -1.6   -1.00 
  -1.5   -0.90 
  -1.4   -0.70 
  -1.3   -0.60 
  -1.1   -0.50 
  -1.0   -0.40 
  -0.9   -0.30 
  -0.7   -0.20 
  -0.5   -0.10 
   0.0    0.00 
   0.5   -0.10 
   0.7   -0.20 
   0.9   -0.30 
   1.0   -0.40 
   1.1   -0.50 
   1.3   -0.60 
   1.4   -0.70 
   1.5   -0.90 
   1.6   -1.00 
   1.7   -1.10 
   1.8   -1.20 
   1.9   -1.40 
   2.0   -1.50 
   2.1   -1.70 
   2.2   -1.80 
   2.3   -2.00 
   2.4   -2.20 
   2.5   -2.40 
   2.6   -2.60 
   2.7   -2.80 
   2.8   -3.00 
   2.9   -3.20 
   3.0   -3.40 
   3.1   -3.70 
   3.2   -3.90 
   3.3   -4.10 
   3.4   -4.40 
   3.5   -4.70 
   3.6   -4.90 
   3.7   -5.20 
   3.8   -5.50 
   3.9   -5.80 
   4.0   -6.10 
   4.1   -6.40 
   4.2   -6.70 
   4.3   -7.00 
   4.4   -7.40 
   4.5   -7.70 
   4.6   -8.10 
   4.7   -8.40 
   4.8   -8.80 
   4.9   -9.10 
   5.0   -9.50 
   5.1   -9.90 
   5.2  -10.30 
   5.3  -10.70 
   5.4  -11.10 
   5.5  -11.50 
   5.6  -12.00 
   6.0  -17.00 
   8.5  -17.00 
  10.0  -20.00 
  15.0  -21.00 
  18.0  -24.00 
  30.0  -25.00 
  45.0  -29.00 
  55.0  -31.00 
  60.0  -31.00 
  70.0  -33.00 
  95.0  -50.00 
 105.0  -52.00 
 120.0  -53.00 
 130.0  -55.00 
 180.0  -55.00 
HV 15
-180.0  -55.00 
 -90.0  -55.00 
 -55.0  -40.00 
 -45.0  -40.00 
 -40.0  -37.00 
  -5.0  -37.00 
  -4.5  -30.00 
   0.0  -30.00 
   4.5  -30.00 
   5.0  -37.00 
  40.0  -37.00 
  45.0  -40.00 
  55.0  -40.00 
  90.0  -55.00 
 180.0  -55.00 
VV 123
-180.0  -55.00 
-100.0  -55.00 
 -75.0  -43.00 
 -65.0  -43.00 
 -58.0  -40.00 
 -40.0  -26.00 
 -22.0  -26.00 
 -19.0  -22.00 
 -15.0  -22.00 
 -10.0  -22.00 
  -9.0  -17.00 
  -6.0  -15.00 
  -5.6  -12.00 
  -5.5  -11.50 
  -5.4  -11.10 
  -5.3  -10.70 
  -5.2  -10.30 
  -5.1   -9.90 
  -5.0   -9.50 
  -4.9   -9.10 
  -4.8   -8.80 
  -4.7   -8.40 
  -4.6   -8.10 
  -4.5   -7.70 
  -4.4   -7.40 
  -4.3   -7.00 
  -4.2   -6.70 
  -4.1   -6.40 
  -4.0   -6.10 
  -3.9   -5.80 
  -3.8   -5.50 
  -3.7   -5.20 
  -3.6   -4.90 
  -3.5   -4.70 
  -3.4   -4.40 
  -3.3   -4.10 
  -3.2   -3.90 
  -3.1   -3.70 
  -3.0   -3.40 
  -2.9   -3.20 
  -2.8   -3.00 
  -2.7   -2.80 
  -2.6   -2.60 
  -2.5   -2.40 
  -2.4   -2.20 
  -2.3   -2.00 
  -2.2   -1.80 
  -2.1   -1.70 
  -2.0   -1.50 
  -1.9   -1.40 
  -1.8   -1.20 
  -1.7   -1.10 
  -1.6   -1.00 
  -1.5   -0.90 
  -1.4   -0.70 
  -1.3   -0.60 
  -1.1   -0.50 
  -1.0   -0.40 
  -0.9   -0.30 
  -0.7   -0.20 
  -0.5   -0.10 
   0.0    0.00 
   0.5   -0.10 
   0.7   -0.20 
   0.9   -0.30 
   1.0   -0.40 
   1.1   -0.50 
   1.3   -0.60 
   1.4   -0.70 
   1.5   -0.90 
   1.6   -1.00 
   1.7   -1.10 
   1.8   -1.20 
   1.9   -1.40 
   2.0   -1.50 
   2.1   -1.70 
   2.2   -1.80 
   2.3   -2.00 
   2.4   -2.20 
   2.5   -2.40 
   2.6   -2.60 
   2.7   -2.80 
   2.8   -3.00 
   2.9   -3.20 
   3.0   -3.40 
   3.1   -3.70 
   3.2   -3.90 
   3.3   -4.10 
   3.4   -4.40 
   3.5   -4.70 
   3.6   -4.90 
   3.7   -5.20 
   3.8   -5.50 
   3.9   -5.80 
   4.0   -6.10 
   4.1   -6.40 
   4.2   -6.70 
   4.3   -7.00 
   4.4   -7.40 
   4.5   -7.70 
   4.6   -8.10 
   4.7   -8.40 
   4.8   -8.80 
   4.9   -9.10 
   5.0   -9.50 
   5.1   -9.90 
   5.2  -10.30 
   5.3  -10.70 
   5.4  -11.10 
   5.5  -11.50 
   5.6  -12.00 
   6.0  -15.00 
   9.0  -17.00 
  10.0  -22.00 
  15.0  -22.00 
  19.0  -22.00 
  22.0  -26.00 
  40.0  -26.00 
  58.0  -40.00 
  65.0  -43.00 
  75.0  -43.00 
 100.0  -55.00 
 180.0  -55.00 
VH 13
-180.0  -55.00 
 -60.0  -55.00 
 -40.0  -45.00 
 -30.0  -41.00 
  -7.0  -41.00 
  -4.5  -30.00 
   0.0  -30.00 
   4.5  -30.00 
   7.0  -41.00 
  30.0  -41.00 
  40.0  -45.00 
  60.0  -55.00 
 180.0  -55.00 