42.9 dBi
HH 31 
-180.00  -71.00
 -87.00  -71.00
 -60.00  -50.00
 -40.00  -48.00
 -18.00  -44.00
 -13.00  -40.00
  -7.50  -31.00
  -4.00  -28.00
  -3.00  -23.00
  -2.50  -15.00
  -1.25  -15.00
  -1.00   -8.26
  -0.75   -4.13
  -0.50   -1.69
  -0.25   -0.34
   0.00    0.00
   0.25   -0.34
   0.50   -1.69
   0.75   -4.13
   1.00   -8.26
   1.25  -15.00
   2.50  -15.00
   3.00  -23.00
   4.00  -28.00
   7.50  -31.00
  13.00  -40.00
  18.00  -44.00
  40.00  -48.00
  60.00  -50.00
  87.00  -71.00
 180.00  -71.00
HV 17 
-180.00  -75.00
 -75.00  -75.00
 -60.00  -65.00
 -32.00  -57.00
  -8.00  -56.00
  -3.00  -46.00
  -2.00  -40.00
  -1.50  -30.00
   0.00  -30.00
   1.50  -30.00
   2.00  -40.00
   3.00  -46.00
   8.00  -56.00
  32.00  -57.00
  60.00  -65.00
  75.00  -75.00
 180.00  -75.00
VV 37 
-180.00  -71.00
 -94.00  -71.00
 -62.00  -52.00
 -52.00  -48.00
 -30.00  -46.00
 -23.00  -46.00
 -18.00  -41.00
 -14.00  -41.00
  -7.50  -31.00
  -6.00  -30.00
  -3.00  -22.00
  -2.00  -14.00
  -1.20  -14.00
  -1.13  -12.00
  -1.00   -9.00
  -0.76   -4.53
  -0.49   -1.56
  -0.25   -0.20
   0.00    0.00
   0.25   -0.20
   0.49   -1.56
   0.76   -4.53
   1.00   -9.00
   1.13  -12.00
   1.20  -14.00
   2.00  -14.00
   3.00  -22.00
   6.00  -30.00
   7.50  -31.00
  14.00  -41.00
  18.00  -41.00
  23.00  -46.00
  30.00  -46.00
  52.00  -48.00
  62.00  -52.00
  94.00  -71.00
 180.00  -71.00
VH 21 
-180.00  -76.00
 -90.00  -76.00
 -60.00  -65.00
 -30.00  -58.00
 -15.00  -56.00
 -12.00  -56.00
  -7.50  -51.00
  -5.00  -51.00
  -3.00  -44.00
  -1.50  -30.00
   0.00  -30.00
   1.50  -30.00
   3.00  -44.00
   5.00  -51.00
   7.50  -51.00
  12.00  -56.00
  15.00  -56.00
  30.00  -58.00
  60.00  -65.00
  90.00  -76.00
 180.00  -76.00